{
  "calibration_date": "2025-12-02T17:19:01.750668",
  "calibration_method": "touch_method",
  "num_observations": 5,
  "pattern_size": [
    7,
    6
  ],
  "square_size_mm": 24.0,
  "transform_matrix": [
    [
      1.0,
      0.0,
      0.0,
      0.0
    ],
    [
      0.0,
      1.0,
      0.0,
      0.0
    ],
    [
      0.0,
      0.0,
      1.0,
      0.0
    ],
    [
      0.0,
      0.0,
      0.0,
      1.0
    ]
  ],
  "observations": [
    {
      "timestamp": "2025-12-02T17:08:00.801786",
      "joint_positions": [
        2225,
        2453,
        2240,
        1441
      ],
      "R_gripper2base": [
        [
          0.27268857337627256,
          0.2681908570634032,
          0.923966777615738
        ],
        [
          0.07591361684399416,
          -0.963365799780954,
          0.25722258569197615
        ],
        [
          0.9591027394016121,
          9.80560790291542e-17,
          -0.28305818354593376
        ]
      ],
      "t_gripper2base": [
        0.19577759442607726,
        0.05450241315903007,
        0.19283214941855845
      ],
      "R_target2cam": [
        [
          0.9995966586108793,
          0.005072450148194947,
          -0.027942625922759493
        ],
        [
          -0.005104538228392772,
          0.9999863916323691,
          -0.0010771441634574506
        ],
        [
          0.02793678190916181,
          0.0012193439088586673,
          0.9996089482477595
        ]
      ],
      "t_target2cam": [
        -0.06986033199352443,
        -0.035792085504741354,
        0.5978703172693507
      ],
      "corner_index": 0,
      "corner_3d_cam": [
        -0.06986033199352443,
        -0.035792085504741354,
        0.5978703172693507
      ],
      "rvec": [
        0.0011483986916363705,
        -0.027943467077916593,
        -0.005089179550880378
      ],
      "tvec": [
        -0.06986033199352443,
        -0.035792085504741354,
        0.5978703172693507
      ]
    },
    {
      "timestamp": "2025-12-02T17:11:15.275274",
      "joint_positions": [
        1866,
        2507,
        2199,
        1445
      ],
      "R_gripper2base": [
        [
          0.29604581666416796,
          -0.27557181931095814,
          0.9145583889710348
        ],
        [
          -0.08486792928984495,
          -0.9612804858113208,
          -0.2621779208408009
        ],
        [
          0.9513959790821589,
          1.8024840555022066e-16,
          -0.3079702761408969
        ]
      ],
      "t_gripper2base": [
        0.18579945662100963,
        -0.05326342835808776,
        0.19578237651693134
      ],
      "R_target2cam": [
        [
          0.9995893093106993,
          0.0050565630754154664,
          -0.028207160112698637
        ],
        [
          -0.005099076423248114,
          0.9999859693436939,
          -0.0014354565067314301
        ],
        [
          0.028199505871361424,
          0.0015786974432066647,
          0.9996010682182137
        ]
      ],
      "t_target2cam": [
        -0.06986498372682373,
        -0.03586991712714965,
        0.5978077173318436
      ],
      "corner_index": 6,
      "corner_3d_cam": [
        0.07407587061757975,
        -0.0366041841004888,
        0.6018684460025142
      ],
      "rvec": [
        0.001507283893832598,
        -0.028207205257155157,
        -0.005078516924532061
      ],
      "tvec": [
        -0.06986498372682373,
        -0.03586991712714965,
        0.5978077173318436
      ]
    },
    {
      "timestamp": "2025-12-02T17:13:08.762168",
      "joint_positions": [
        2309,
        2191,
        3004,
        957
      ],
      "R_gripper2base": [
        [
          0.28495881090747555,
          0.3897581740698564,
          0.875720869816364
        ],
        [
          0.12060261315120029,
          -0.9209172415291895,
          0.3706297936693304
        ],
        [
          0.9509224394172743,
          1.793984755312527e-16,
          -0.30942933638021536
        ]
      ],
      "t_gripper2base": [
        0.14222155588283045,
        0.06019217735810961,
        0.15582539694780406
      ],
      "R_target2cam": [
        [
          0.9995845929982656,
          0.0051211289441692445,
          -0.02836221921551551
        ],
        [
          -0.005136208797541205,
          0.9999867043143533,
          -0.00045886131465242176
        ],
        [
          0.028359492232404755,
          0.0006043449803019966,
          0.9995976060232763
        ]
      ],
      "t_target2cam": [
        -0.06985639255828456,
        -0.035910311303909155,
        0.5978516768236994
      ],
      "corner_index": 35,
      "corner_3d_cam": [
        -0.06924185706056481,
        0.08408809798212144,
        0.5979241982242174
      ],
      "rvec": [
        0.0005316767953194658,
        -0.028364784812488924,
        -0.005129379392223993
      ],
      "tvec": [
        -0.06985639255828456,
        -0.035910311303909155,
        0.5978516768236994
      ]
    },
    {
      "timestamp": "2025-12-02T17:14:40.992399",
      "joint_positions": [
        1745,
        2205,
        3004,
        971
      ],
      "R_gripper2base": [
        [
          0.3128471028107705,
          -0.4482406122852199,
          0.8373810624566802
        ],
        [
          -0.1568729680861469,
          -0.8939129451452033,
          -0.4198934607560251
        ],
        [
          0.936759073693311,
          -1.586146594924647e-16,
          -0.3499749103196543
        ]
      ],
      "t_gripper2base": [
        0.13387622388541076,
        -0.06713043019539464,
        0.1524630233860041
      ],
      "R_target2cam": [
        [
          0.9995932852767084,
          0.005054647787359388,
          -0.028066253142568897
        ],
        [
          -0.005076975808786659,
          0.9999868497350352,
          -0.0007243435905206962
        ],
        [
          0.02806222276217639,
          0.0008665406775658021,
          0.9996058026846883
        ]
      ],
      "t_target2cam": [
        -0.0698531956296169,
        -0.03589497082779138,
        0.5978374419225757
      ],
      "corner_index": 41,
      "corner_3d_cam": [
        0.0746947890124528,
        0.08337237142372803,
        0.6019823867118146
      ],
      "rvec": [
        0.0007955500748602294,
        -0.02806804624544999,
        -0.005066499224399528
      ],
      "tvec": [
        -0.0698531956296169,
        -0.03589497082779138,
        0.5978374419225757
      ]
    },
    {
      "timestamp": "2025-12-02T17:18:37.313410",
      "joint_positions": [
        2061,
        2426,
        2676,
        1035
      ],
      "R_gripper2base": [
        [
          0.28741174873981234,
          0.01994042855151444,
          0.9575995332055592
        ],
        [
          0.0057322531851555295,
          -0.9998011698878843,
          0.019098742477957197
        ],
        [
          0.9577899706928155,
          0.0,
          -0.2874689062146648
        ]
      ],
      "t_gripper2base": [
        0.14420509878944746,
        0.002876083321144256,
        0.1920673546932644
      ],
      "R_target2cam": [
        [
          0.9996032758719088,
          0.0050307578719288445,
          -0.02771249431903646
        ],
        [
          -0.005056649205508611,
          0.9999868415703451,
          -0.0008642829270609799
        ],
        [
          0.027707781667990514,
          0.0010040724075513284,
          0.9996155614403166
        ]
      ],
      "t_target2cam": [
        -0.0698527467496298,
        -0.03595278027214908,
        0.5979098291169643
      ],
      "corner_index": 17,
      "corner_3d_cam": [
        0.0023601623948873024,
        0.011682509813330681,
        0.5999529847871624
      ],
      "rvec": [
        0.0009343013597981175,
        -0.02771380703436195,
        -0.005044371364852088
      ],
      "tvec": [
        -0.0698527467496298,
        -0.03595278027214908,
        0.5979098291169643
      ]
    }
  ]
}